1000.0 1000.0 1138.0
1066.51 978.184 1126.163
1096.171 1002.457 1128.254
1057.28 978.303 1125.953
1048.053 986.784 1125.657
1023.505 958.667 1125.763
1015.637 955.082 1125.966
1005.82 955.389 1126.193
991.953 960.687 1126.386
976.368 964.691 1126.535
963.204 967.411 1126.732
950.646 971.585 1126.786
944.511 976.168 1126.508
942.948 983.006 1128.617
945.551 982.816 1128.497
947.587 980.969 1128.578
950.319 975.39 1128.053
959.238 971.293 1128.416
963.339 970.088 1128.415
967.871 969.467 1127.536
970.205 969.075 1127.032
975.773 967.404 1127.821
981.082 966.67 1127.782
986.667 966.203 1127.187
992.081 963.799 1127.523
996.64 962.51 1127.457
1000.486 962.307 1127.325
1005.863 959.093 1127.641
1013.846 957.72 1127.764
1018.869 960.097 1127.136
1021.913 962.312 1126.313
1023.99 963.787 1126.315
1035.618 966.522 1127.696
1043.207 972.649 1128.097
1044.537 981.108 1128.191
1040.57 992.872 1127.96
1037.628 1000.5 1127.999
1035.093 1003.294 1128.364
1035.245 1007.948 1128.186
1027.492 1010.902 1130.536
1028.973 1001.151 1130.895
1031.69 989.854 1130.844
1030.377 981.971 1130.763
1024.349 974.772 1130.063
1018.02 971.39 1129.688
1012.49 967.527 1129.529
1001.192 969.493 1129.725
993.241 969.818 1129.347
981.216 974.293 1130.304
984.703 971.754 1129.202
975.652 975.907 1130.046
969.617 978.51 1129.447
963.588 980.007 1130.624
957.03 984.734 1131.883
952.833 987.742 1132.16
947.931 991.019 1131.923
941.38 995.278 1133.69
935.805 993.451 1133.451
934.921 984.262 1130.336
936.093 978.231 1128.627
932.27 974.553 1128.543
929.181 987.507 1131.943
928.937 998.973 1135.433
931.402 1008.155 1136.816
934.405 1014.781 1136.219
946.333 1008.223 1135.906
956.697 997.345 1134.716
965.995 1004.132 1136.135
981.47 1000.441 1137.33
985.247 990.871 1135.722
956.806 976.32 1129.443
986.022 983.072 1133.233
1003.146 985.378 1134.415
1015.959 987.119 1133.859
1024.129 990.213 1132.919
1024.938 997.933 1132.978
1021.162 1014.273 1132.639
1015.369 1023.415 1132.984
1007.198 1030.287 1133.517
1000.828 1029.975 1134.315
995.121 1034.524 1133.52
988.801 1029.826 1133.469
986.898 1016.77 1135.586
991.409 1009.589 1137.963
1000.412 1015.774 1137.393
1007.258 1010.183 1137.441
1008.24 1002.166 1137.359
1002.538 994.448 1137.076
1003.129 999.684 1137.639
1014.433 964.44 1128.632
982.5 1000.511 1137.378
976.057 1007.028 1136.83
959.844 1004.128 1135.766
956.623 1009.264 1135.516
945.068 1011.971 1135.767
929.798 1018.449 1136.124
932.595 1025.872 1132.876
938.32 1023.706 1132.292
947.482 1020.798 1132.318
953.119 1016.226 1133.277
960.309 1015.909 1133.587
968.718 1017.318 1133.342
976.231 1009.845 1136.325
1001.582 1012.311 1137.886
999.932 1014.858 1137.547
985.244 1031.776 1131.692
981.2 1027.426 1130.722
972.153 1023.771 1129.937
955.725 1023.454 1129.687
940.977 1029.818 1129.108
930.372 1034.872 1128.916
931.716 1042.482 1125.616
942.202 1035.913 1126.861
953.929 1031.76 1127.398
959.944 1032.699 1126.824
966.588 1033.001 1126.361
971.496 1038.998 1126.335
973.582 1046.436 1127.125
973.903 1055.554 1127.788
979.581 1061.775 1130.259
984.819 1064.897 1130.876
986.137 1052.169 1130.229
993.276 1053.425 1130.553
998.329 1060.396 1129.125
1004.6 1063.953 1126.52
1007.661 1055.849 1127.487
1008.057 1050.113 1128.279
996.454 1047.252 1131.113
1007.647 1040.97 1130.725
1017.307 1037.545 1129.422
1013.989 1026.845 1132.392
1033.571 1016.155 1127.826
1029.216 1027.669 1128.286
1026.8 1031.103 1128.363
1026.932 1035.874 1126.946
1022.524 1045.707 1126.358
1016.127 1056.316 1125.069
1015.186 1059.786 1124.213
1012.426 1067.182 1123.61
1017.609 1067.33 1121.875
1026.6 1048.938 1123.184
1032.476 1033.3 1123.996
1038.49 1017.752 1124.596
1042.681 1002.082 1125.191