633,451,519,743,767,743,450,214,363,265,463,280,374,217
518,246,569,689,367,374,106,517,670,369
407,590,781,107,263,397,553,774,448,682
372,499,295,741,338,326,228,462
559,458,189,236,278,339,722,293,471,278,640,134
109,251,279,716,515,727,431,498,174,747,501,200,247,277
525,206,614,763,166,194,375,520,624,482,261,105,712,217,313,448,246,146,494,123
175,592,736,403,154,146,387,181,461,194,478,663,423,558
406,591,736,671,620,530,335,560,452,372,449,580,240,123
330,178,540,237,659,408,154,116,240,599,291,414,438,733,386,180
